1111101111000010101011000110100001111101000011011111001001000101111101010010001100010100111110010100
1000101001100100000011101110010011000100100111010001110110101001000100001101011110100011100011100011
1101000111111010000110101011101111101011011101001011010110000110101010011100010010010110110110110110
1100101100001001001110000010101000100011010100110011000111001110000001110110101101100110110110110110
1111001110010110111011000100000101010111000011111111101101111011000011010110001101111110110110110110
1001111011100110101011101010001000000101100110000000101101001011100111000111011101000010110110110110
0111001010111110000010100001010100001001111111000001001100110010111101101101010100100100110110110110
1101110000100011000100010010000010010111000001100010111111111100100101101100000011011011110110110111
0101011001010111101010101101000101100101100011110100100000000111011001101110000111011010010110110100
1000011110000100100000001100101001111001110110010011010000001101011111101011001101011001100110110010
0100110011001011010000011111000111001111010111101111001000011100010000100011111100011111111110111100
1011111111110011001000110001101101111001000100101001110100110110101001010110000110110000000010100110
0010000000011111110101111011101101001110101011000111010011110110000110000111001110111000000100011110
0101000000110000010001001010101100111010000011101101001110010111001111001101111010101100001010110011
0000100001111000101010110000001111101001000110101100111011100101111001111101001000001110010000111111
1001010011001101000000111000011000100110101110001111101010111001001111000100110100011011101001100001
1110001111111100100001101100111101011110001011011000100000101110111001101011110010111010100111110011
0011011000000111010011101111100100010011010011011101010001001010101111100010011100101000011100011110
0111011100001101001110101000111010101111001111010100001010110000001000110101110111000100110110110011
0101010110011100111010000101101000001001111001000010010000111000010101110001010101101011110110111111
0000000111110111101001001001100100010111001110100101101001101100100001011010000001100010010110100001
1000001100010100100110110111111010100101111010011001100111101111010010011001000011110101100110010010
0100011110100011011110110100001000011001001001111111111100101001001101111110100110010001111111101100
1010110010010111010010110010010100111110110111000000000111000110111101000010011111101011000000101110
0000111101100101001100111101100011100010110101100000001101101110100100100101110000100011100001001010
0001100101111000111111100101110110110100110001110000011101101010011011011001011001010110110010110001
1011111001001101100000111001010110110011111011011000110101100001111011011110011110000110111100111010
0010001110111101110001101110000110111110001011011101110001110011001011010011110011001110100111101000
0101011010100101011011101011001110100011010011010101011011011111110011001110011111111010011100100100
1000011000011000011010100011111010010111001111000000011011010000011111111011110000001001110111011010
0100111100111100111000010110001001100101111001100000111011001000110000001010011000010111010101011000
1011100111100111101100100111010111111001001111110001101011110101111000010001111100100101000000011100
0010111100111100101111011101000100001110111000011011100010010001001100101011000111011000100000110111
1100100111100111001001010100101010011010101100111010110101101010111111000011101101011101010001110101
0111011100111101110110000011000001111000001111101000110001100000100001100110101100010100001011010001
0101010111100101010111000111100011001100011000100101111011110001010011111110001110100010010011001010
1000000100111000000101101100110111111110111101011001001010011010001110000011011010010101101111110001
1100001011101100001001101111110100000010100100011110110001111001011011000111011001100001101000011011
0110010010101110010111101000010010000100011010110010111011001110011011101101011111110011100100111010
1111101100001011100100100100101101001010111000111100101011111011111010101100010000011110111011101001
0000101110010010111011011011001100110000101101100111000010001010001000001110101000110010101010100111
1001001011101100101011011011111111111001001101111101100101010001010100011010000101111100000000011101
1110110010101111000011011010000000001110111101000101111000001010000010111001001001000110000000110101
0010111100001001100111011001000000011010100100101001001100010001000100101110110110101111000001110001
1100100110010111111101011110100000111000011011000110111110101010101011001010110110001001100011011010
1111011111100100000100010010010001101100111011101110100010000000000011110000110111010111110111011000
1001010000111010001010101101101011101111101010101010010101000000000110011001110101000100010101011101
1110001001101001010000001101100010101000100000000001100000100000001111111111010000101010100000010101
0011010111100110001000011101110100000101010000000011110001010000011000000001001001000000010000100001
1111000100111111010100110101010010001000001000000110011010001000111100000010110110100000101001010010
1001101011100001000011110000001101010100010100001111111001010101100110000100110110010001000110001100
0111100010110010100110011000011100000010100010011000001110000001111111001011110111101010101111011111
0100110100111100011111111100110110000100010101111100011011000011000001110010010100100000001001010001
0011110011100110110000000111110111001010100001000110111011100111100011011101100011010000010110001010
0110011110111110111000001100010101110000010010101110101010111100110111010101110111001000100111010001
0111110010100010101100011110100001011000101100001010000000100111110101000001010101110101011101001010
1100011100010100001110110010010010011101001110010001000001011100010000100010000001010000010100110001
0110110110100010011010111101101101110100111011101010100010010110101001010101000010001000100011111011
0110110110010101111000100101101101010011101010100000010101100110000110000000100101010101010110001011
0110110111100001001101011001101100001110100000010000100001111111001111000001011000000000000111010011
0110110100110010111100011111101110011010010000101001010011000001111001100010011100000000001101001111
0110110011111100100110110000101011111001101001000110001111100011001111110101110110000000011100111001
0110111110000111011110111001000010001111100110101111011000110111111000010001010111000000110111101110
1110100011001101010010101110100101011000111110001001011101110100001100101010000101100001110100101011
0010010111111100001100001010011000011101100011010110010101010010011111000001001001110011010011000010
0101100100000110011110010001111100110101110111000111100000001101110001100010110111011111001111100101
0001111010001111110011101011000111110001010101101100110000011101011011110100110101010001111000111000
0011001001011000011110100011101100011010000001101111111000110100011010010011110000001011001101101100
0111110110011100110010010110101110111001000011101000001101110010111001101110011000010011111101101110
1100010111110111111101100110001010101110100110100100011101011100101111101011111100101110000101101011
0110100100010100000101111111010000001010011110011010110100010111001000100010000111001011001001100010
1110011010100010001001000001001000010001110011111000110010100101110101010101001101110011110111110101
0011111000010101010110100010110100101011011110001101111100011001010000000000111101011110010100010001
1110001100100000000110010100110011000011010011011101000110111110001000000001100100010011100010101010
1011011111010000001111100011111111100111001111010100101110100011010100000011111010101110110100000000
0011010001001000011000110110000000111101111001000011001010010111000010000110001000001010110010000001
1111001010110100111101110111000001100101001110100111110001100101100101001111010100010000111101000010
1001110000110011100101010101100011111000111010011100011011111001111000111001000010101001100100100100
0111011001111110111000000001110110001101101001110110111010001111001101101110100100000111111011011011
0101011111000010101100000011010111011101100111010110101001011001111101101010011010001100001011011011
0000010001100100001110000111000101010101111101000110000110011111000101100001111001011110010011011011
1000101011111010011011001101101000000001000100101111001111110001101001110011001110010011101111011011
1101000010001001111011111101100100000010101011001001111000011011100111011111111011101110101001011010
1100100101010111001010000101111010000100000011110111001100111010111101010000001010101010000110011000
1111011000000101110001001001001001001010000110010101111111101000100100001000010000000001001111111101
0001011100001001011010110110110110110001001111100001000000100101011010010100101000000010111000000101
1010010110010110011000110110110110111010111000110010100001011000011001100011000100000100101100001000
0001100111100111111101110110110110101000101101111100010010011100111111110111101010001011001110010101
1011111100111100000101010110110110000101001101000110101101110111100000010100100001010011111011100000
0010000111100110001000000110110111001000111100101110001101010100110000100011010010001110001010110001
1101001100111111010100001110110101110101100111001011011100000011111001010111001101011011010000111010
1100111111100001000010011010110001010001111101110011010110000110001110000101111100011011001001101000
1111100000110010100101111000111010001011000101011111000111001111011011001001000110111011110111100101
0000110001111100011001001101101001010011101000010001101101111001011011110110101110101010010100111001
1001111011000110111110111101100110001110100100101011101101001110011010010110001010000001100011101110
0111001011101110100010100101111111011010011011000010101100111011111001100111010001000011110110101010
1101110010101010010100011001000001011001111011100100001111101010001111111101001010100110010110000001
0101011100000001100010111110100010011111001010111010011000100001011000000100110000011111100111000011
0000010110000011110100100010010101110001110000101001111101010010011100001011111000110000111101100111
1000100111000110010011010101100001011011011001000111000100001101110110010010001101111001100101111101
