1001111101100010011111111011001100010111110010110111100011000111111101111000110111000100011101111000
1011000111100110110000001111011100111100010111111100100111001100000111001001111101001100110111001001
1111001100101111110000011001110101100100111100000101101101011100001101011011000111011101111101011011
0001011101111000010000111011011111101101100100001111111111110100011111111111001101110111000111111110
0011110111001000110001101111110000111111101100011000000000011100110000000001011111011101001100000010
0110011101011001110011111000010001100000111100111000000000110101110000000011110001110111011100000110
1110110111111011010110001000110011100001100101101000000001111111010000000110010011011101110100001110
1011111100001111111110011001110110100011101111111000000011000001110000001110110111110111011100011011
1110000100011000000010111011011111100110111000001000000111000011010000011011111100011101110100111110
1010001100111000000111101111110000101111101000011000001101000111110000111110000100110111011101100011
1110011101101000001100111000010001111000111000111000011111001100010001100010001101111101110111100110
1010110111111000011101101000110011001001101001101000110001011100110011100110011111000111011100101111
1111111100001000110111111001110111011011111011111001110011110101110110101110110001001101110101111000
1000000100011001111100001011011101111110001110001011010110011111011111111011110011011111011111001001
1000001100111011000100011111110111000010011010011111111110110001110000001110010111110001110001011011
1000011101101111001100110000011101000110111110110000000011110011010000011010111100010011010011111110
1000110111111001011101110000110111001111100011110000000110010111110000111111100100110111110110000011
1001111100001011110111010001111101011000100110010000001110111100010001100000101101111100011110000110
1011000100011110011101110011000111111001101110110000011011100100110011100001111111000100110010001111
1111001100110010110111010111001100001011111011110000111110101101110110100011000001001101110110011000
1001011101110111111101111101011100011110001110010001100011111111011111100111000011011111011110111001
1011110111011100000111000111110100110010011010110011100110000001110000101101000111110001110011101011
1110011101110100001101001100011101110110111111110110101110000011010001111111001100010011010110111110
1010110111011100011111011100110111011111100000011111111010000111110011000001011100110111111111100011
1111111101110100110001110101111101110000100000110000001110001100010111000011110101111100000000100110
1000000111011101110011011111000111010001100001110000011010011100111101000110011111000100000001101111
1000001101110111010111110001001101110011100011010000111110110101100111001110110001001100000011111000
1000011111011101111100010011011111010110100111110001100011111111101101011011110011011100000110001001
1000110001110111000100110111110001111111101100010011100110000000111111111110010111110100001110011011
1001110011011101001101111100010011000000111100110110101110000001100000000010111100011100011010111110
1011010111110111011111000100110111000001100101111111111010000011100000000111100100110100111111100011
1111111100011101110001001101111101000011101111000000001110000110100000001100101101111101100000100110
1000000100110111010011011111000111000110111001000000011010001111100000011101111111000111100001101111
1000001101111101110111110001001101001111101011000000111110011000100000110111000001001100100011111000
1000011111000111011100010011011111011000111111000001100010111001100001111101000011011101100110001001
1000110001001101110100110111110001111001100001000011100111101011100011000111000111110111101110011011
1001110011011111011101111100010011001011100011000110101100111110100111001101001100011100111010111110
1011010111110001110111000100110111011110100111001111111101100011101101011111011100110101101111100011
1111111100010011011101001101111101110011101101011000000111100110111111110001110101111111111000100110
1000000100110111110111011111000111010110111111111000001100101111100000010011011111000000001001101111
1000001101111100011101110001001101111111100000001000011101111000100000110111110001000000011011111000
1000011111000100110111010011011111000000100000011000110111001001100001111100010011000000111110001001
1000110001001101111101110111110001000001100000111001111101011011100011000100110111000001100010011011
1001110011011111000111011100010011000011100001101011000111111110100111001101111101000011100110111110
1011010111110001001101110100110111000110100011111111001100000011101101011111000111000110101111100011
1111111100010011011111011101111101001111100110000001011100000110111111110001001101001111111000100110
1000000100110111110001110111000111011000101110000011110100001111100000010011011111011000001001101111
1000001101111100010011011101001101111001111010000110011100011000100000110111110001111000011011111000
1000011111000100110111110111011111001011001110001110110100111001100001111100010011001000111110001001
1000110001001101111100011101110001011111011010011011111101101011100011000100110111011001100010011011
1001110011011111000100110111010011110001111110111110000111111110100111001101111101111011100110111110
1011010111110001001101111101110110010011000011100010001100000011101101011111000111001110101111100011
1111111100010011011111000111011110110111000110100110011100000110111111110001001101011011111000100110
1000000100110111110001001101110011111101001111101110110100001111100000010011011111111110001001101111
1000001101111100010011011111010110000111011000111011111100011000100000110111110000000010011011111000
1000011111000100110111110001111110001101111001101110000100111001100001111100010000000110111110001001
1000110001001101111100010011000010011111001011111010001101101011100011000100110000001111100010011011
1001110011011111000100110111000110110001011110001110011111111110100111001101110000011000100110111110
1011010111110001001101111101001111110011110010011010110000000011101101011111010000111001101111100011
1111111100010011011111000111011000010110010110111111110000000110111111110001110001101011111000100110
1000000100110111110001001101111000111110111111100000010000001111100000010011010011111110001001101111
1000001101111100010011011111001001100011100000100000110000011000100000110111110110000010011011111000
1000011111000100110111110001011011100110100001100001110000111001100001111100011110000110111110001001
1000110001001101111100010011111110101111100011100011010001101011100011000100110010001111100010011011
1001110011011111000100110110000011111000100110100111110011111110100111001101110110011000100110111110
1011010111110001001101111110000110001001101111101100010110000011101101011111011110111001101111100011
1111111100010011011111000010001110011011111000111100111110000110111111110001110011101011111000100110
1000000100110111110001000110011010111110001001100101100010001111100000010011010110111110001001101111
1000001101111100010011001110111111100010011011101111100110011000100000110111111111100010011011111000
1000011111000100110111011011100000100110111110111000101110111001100001111100000000100110111110001001
1000110001001101111101111110100001101111100011101001111011101011100011000100000001101111100010011011
1001110011011111000111000011100011111000100110111011001110111110100111001100000011111000100110111110
1011010111110001001101000110100110001001101111101111011011100011101101011100000110001001101111100011
1111111100010011011111001111101110011011111000111001111110100110111111110100001110011011111000100110
1000000100110111110001011000111010111110001001101011000011101111100000011100011010111110001001101111
1000001101111100010011111001101111100010011011111111000110111000100000110100111111100010011011111000
1000011111000100110110001011111000100110111110000001001111101001100001111101100000100110111110001001
1000110001001101111110011110001001101111100010000011011000111011100011000111100001101111100010011011
1001110011011111000010110010011011111000100110000111111001101110100111001100100011111000100110111110
1011010111110001000111110110111110001001101110001100001011111011101101011101100110001001101111100011
1111111100010011001100011111100010011011111010011100011110001110111111110111101110011011111000100110
1000000100110111011100110000100110111110001110110100110010011011100000011100111010111110001001101111
1000001101111101110101110001101111100010011011111101110110111110100000110101101111100010011011111000
1000011111000111011111010011111000100110111110000111011111100011100001111111111000100110111110001001
1000110001001101110001110110001001101111100010001101110000100110100011000000001001101111100010011011
1001110011011111010011011110011011111000100110011111010001101111100111000000011011111000100110111110
1011010111110001110111110010111110001001101110110001110011111000101101000000111110001001101111100011
1111111100010011011100010111100010011011111011110011010110001001111111000001100010011011111000100110
1000000100110111110100111100100110111110001110010111111110011011000001000011100110111110001001101111
1000001101111100011101100101101111100010011010111100000010111111000011000110101111100010011011111000
1000011111000100110111101111111000100110111111100100000111100001000111001111111000100110111110001001
1000110001001101111100111000001001101111100000101100001100100011001101011000001001101111100010011011
1001110011011111000101101000011011111000100001111100011101100111011111111000011011111000100110111110
1011010111110001001111111000111110001001100011000100110111101101110000001000111110001001101111100011
1111111100010011011000001001100010011011100111001101111100111111010000011001100010011011111000100110
1000000100110111111000011011100110111110101101011111000101100001110000111011100110111110001001101111
1000001101111100001000111110101111100011111111110001001111100011010001101110101111100010011011111000
1000011111000100011001100011111000100110000000010011011000100111110011111011111000100110111110001001
1000110001001100111011100110001001101110000000110111111001101100010110001110001001101111100010011011
1001110011011101101110101110011011111010000001111100001011111100111110011010011011111000100110111110
