0101010011001001010011001010011001000101000101100000010110100010000001100001100100010000100001100000
1010100110010010100110010100110010001010001011000000101101000100000011000011001000100001000011000000
0101001100100101001100101001100100010100010110000001011010001000000110000110010001000010000110000000
1010011001001010011001010011001000101000101100000010110100010000001100001100100010000100001100000000
0100110010010100110010100110010001010001011000000101101000100000011000011001000100001000011000000000
1001100100101001100101001100100010100010110000001011010001000000110000110010001000010000110000000000
0011001001010011001010011001000101000101100000010110100010000001100001100100010000100001100000000000
0110010010100110010100110010001010001011000000101101000100000011000011001000100001000011000000000000
1100100101001100101001100100010100010110000001011010001000000110000110010001000010000110000000000000
1001001010011001010011001000101000101100000010110100010000001100001100100010000100001100000000000000
0010010100110010100110010001010001011000000101101000100000011000011001000100001000011000000000000000
0100101001100101001100100010100010110000001011010001000000110000110010001000010000110000000000000000
1001010011001010011001000101000101100000010110100010000001100001100100010000100001100000000000000000
0010100110010100110010001010001011000000101101000100000011000011001000100001000011000000000000000000
0101001100101001100100010100010110000001011010001000000110000110010001000010000110000000000000000000
1010011001010011001000101000101100000010110100010000001100001100100010000100001100000000000000000000
0100110010100110010001010001011000000101101000100000011000011001000100001000011000000000000000000000
1001100101001100100010100010110000001011010001000000110000110010001000010000110000000000000000000000
0011001010011001000101000101100000010110100010000001100001100100010000100001100000000000000000000000
0110010100110010001010001011000000101101000100000011000011001000100001000011000000000000000000000000
1100101001100100010100010110000001011010001000000110000110010001000010000110000000000000000000000000
1001010011001000101000101100000010110100010000001100001100100010000100001100000000000000000000000000
0010100110010001010001011000000101101000100000011000011001000100001000011000000000000000000000000000
0101001100100010100010110000001011010001000000110000110010001000010000110000000000000000000000000000
1010011001000101000101100000010110100010000001100001100100010000100001100000000000000000000000000000
0100110010001010001011000000101101000100000011000011001000100001000011000000000000000000000000000000
1001100100010100010110000001011010001000000110000110010001000010000110000000000000000000000000000000
0011001000101000101100000010110100010000001100001100100010000100001100000000000000000000000000000000
0110010001010001011000000101101000100000011000011001000100001000011000000000000000000000000000000000
1100100010100010110000001011010001000000110000110010001000010000110000000000000000000000000000000000
1001000101000101100000010110100010000001100001100100010000100001100000000000000000000000000000000000
0010001010001011000000101101000100000011000011001000100001000011000000000000000000000000000000000000
0100010100010110000001011010001000000110000110010001000010000110000000000000000000000000000000000000
1000101000101100000010110100010000001100001100100010000100001100000000000000000000000000000000000000
0001010001011000000101101000100000011000011001000100001000011000000000000000000000000000000000000000
0010100010110000001011010001000000110000110010001000010000110000000000000000000000000000000000000000
0101000101100000010110100010000001100001100100010000100001100000000000000000000000000000000000000000
1010001011000000101101000100000011000011001000100001000011000000000000000000000000000000000000000000
0100010110000001011010001000000110000110010001000010000110000000000000000000000000000000000000000000
1000101100000010110100010000001100001100100010000100001100000000000000000000000000000000000000000000
0001011000000101101000100000011000011001000100001000011000000000000000000000000000000000000000000000
0010110000001011010001000000110000110010001000010000110000000000000000000000000000000000000000000000
0101100000010110100010000001100001100100010000100001100000000000000000000000000000000000000000000000
1011000000101101000100000011000011001000100001000011000000000000000000000000000000000000000000000000
0110000001011010001000000110000110010001000010000110000000000000000000000000000000000000000000000000
1100000010110100010000001100001100100010000100001100000000000000000000000000000000000000000000000000
1000000101101000100000011000011001000100001000011000000000000000000000000000000000000000000000000000
0000001011010001000000110000110010001000010000110000000000000000000000000000000000000000000000000000
0000010110100010000001100001100100010000100001100000000000000000000000000000000000000000000000000000
0000101101000100000011000011001000100001000011000000000000000000000000000000000000000000000000000000
0001011010001000000110000110010001000010000110000000000000000000000000000000000000000000000000000000
0010110100010000001100001100100010000100001100000000000000000000000000000000000000000000000000000000
0101101000100000011000011001000100001000011000000000000000000000000000000000000000000000000000000000
1011010001000000110000110010001000010000110000000000000000000000000000000000000000000000000000000000
0110100010000001100001100100010000100001100000000000000000000000000000000000000000000000000000000000
1101000100000011000011001000100001000011000000000000000000000000000000000000000000000000000000000000
1010001000000110000110010001000010000110000000000000000000000000000000000000000000000000000000000000
0100010000001100001100100010000100001100000000000000000000000000000000000000000000000000000000000000
1000100000011000011001000100001000011000000000000000000000000000000000000000000000000000000000000000
0001000000110000110010001000010000110000000000000000000000000000000000000000000000000000000000000000
0010000001100001100100010000100001100000000000000000000000000000000000000000000000000000000000000000
0100000011000011001000100001000011000000000000000000000000000000000000000000000000000000000000000000
1000000110000110010001000010000110000000000000000000000000000000000000000000000000000000000000000000
0000001100001100100010000100001100000000000000000000000000000000000000000000000000000000000000000000
0000011000011001000100001000011000000000000000000000000000000000000000000000000000000000000000000000
0000110000110010001000010000110000000000000000000000000000000000000000000000000000000000000000000000
0001100001100100010000100001100000000000000000000000000000000000000000000000000000000000000000000000
0011000011001000100001000011000000000000000000000000000000000000000000000000000000000000000000000000
0110000110010001000010000110000000000000000000000000000000000000000000000000000000000000000000000000
1100001100100010000100001100000000000000000000000000000000000000000000000000000000000000000000000000
1000011001000100001000011000000000000000000000000000000000000000000000000000000000000000000000000000
0000110010001000010000110000000000000000000000000000000000000000000000000000000000000000000000000000
0001100100010000100001100000000000000000000000000000000000000000000000000000000000000000000000000000
0011001000100001000011000000000000000000000000000000000000000000000000000000000000000000000000000000
0110010001000010000110000000000000000000000000000000000000000000000000000000000000000000000000000000
1100100010000100001100000000000000000000000000000000000000000000000000000000000000000000000000000000
1001000100001000011000000000000000000000000000000000000000000000000000000000000000000000000000000000
0010001000010000110000000000000000000000000000000000000000000000000000000000000000000000000000000000
0100010000100001100000000000000000000000000000000000000000000000000000000000000000000000000000000000
1000100001000011000000000000000000000000000000000000000000000000000000000000000000000000000000000000
0001000010000110000000000000000000000000000000000000000000000000000000000000000000000000000000000000
0010000100001100000000000000000000000000000000000000000000000000000000000000000000000000000000000000
0100001000011000000000000000000000000000000000000000000000000000000000000000000000000000000000000000
1000010000110000000000000000000000000000000000000000000000000000000000000000000000000000000000000000
0000100001100000000000000000000000000000000000000000000000000000000000000000000000000000000000000000
0001000011000000000000000000000000000000000000000000000000000000000000000000000000000000000000000000
0010000110000000000000000000000000000000000000000000000000000000000000000000000000000000000000000000
0100001100000000000000000000000000000000000000000000000000000000000000000000000000000000000000000000
1000011000000000000000000000000000000000000000000000000000000000000000000000000000000000000000000000
0000110000000000000000000000000000000000000000000000000000000000000000000000000000000000000000000000
0001100000000000000000000000000000000000000000000000000000000000000000000000000000000000000000000000
0011000000000000000000000000000000000000000000000000000000000000000000000000000000000000000000000000
0110000000000000000000000000000000000000000000000000000000000000000000000000000000000000000000000000
1100000000000000000000000000000000000000000000000000000000000000000000000000000000000000000000000000
1000000000000000000000000000000000000000000000000000000000000000000000000000000000000000000000000000
0000000000000000000000000000000000000000000000000000000000000000000000000000000000000000000000000000
0000000000000000000000000000000000000000000000000000000000000000000000000000000000000000000000000000
0000000000000000000000000000000000000000000000000000000000000000000000000000000000000000000000000000
0000000000000000000000000000000000000000000000000000000000000000000000000000000000000000000000000000
0000000000000000000000000000000000000000000000000000000000000000000000000000000000000000000000000000
