0010000110000010011001010100010011000000101011000000011011000010110001010010011000110000000000110000
0100001100000100110010101000100110000001010110000000110110000101100010100100110001100000000001100000
1000011000001001100101010001001100000010101100000001101100001011000101001001100011000000000011000000
0000110000010011001010100010011000000101011000000011011000010110001010010011000110000000000110000001
0001100000100110010101000100110000001010110000000110110000101100010100100110001100000000001100000010
0011000001001100101010001001100000010101100000001101100001011000101001001100011000000000011000000100
0110000010011001010100010011000000101011000000011011000010110001010010011000110000000000110000001000
1100000100110010101000100110000001010110000000110110000101100010100100110001100000000001100000010000
1000001001100101010001001100000010101100000001101100001011000101001001100011000000000011000000100001
0000010011001010100010011000000101011000000011011000010110001010010011000110000000000110000001000011
0000100110010101000100110000001010110000000110110000101100010100100110001100000000001100000010000110
0001001100101010001001100000010101100000001101100001011000101001001100011000000000011000000100001100
0010011001010100010011000000101011000000011011000010110001010010011000110000000000110000001000011000
0100110010101000100110000001010110000000110110000101100010100100110001100000000001100000010000110000
1001100101010001001100000010101100000001101100001011000101001001100011000000000011000000100001100000
0011001010100010011000000101011000000011011000010110001010010011000110000000000110000001000011000001
0110010101000100110000001010110000000110110000101100010100100110001100000000001100000010000110000010
1100101010001001100000010101100000001101100001011000101001001100011000000000011000000100001100000100
1001010100010011000000101011000000011011000010110001010010011000110000000000110000001000011000001001
0010101000100110000001010110000000110110000101100010100100110001100000000001100000010000110000010011
0101010001001100000010101100000001101100001011000101001001100011000000000011000000100001100000100110
1010100010011000000101011000000011011000010110001010010011000110000000000110000001000011000001001100
0101000100110000001010110000000110110000101100010100100110001100000000001100000010000110000010011001
1010001001100000010101100000001101100001011000101001001100011000000000011000000100001100000100110010
0100010011000000101011000000011011000010110001010010011000110000000000110000001000011000001001100101
1000100110000001010110000000110110000101100010100100110001100000000001100000010000110000010011001010
0001001100000010101100000001101100001011000101001001100011000000000011000000100001100000100110010101
0010011000000101011000000011011000010110001010010011000110000000000110000001000011000001001100101010
0100110000001010110000000110110000101100010100100110001100000000001100000010000110000010011001010100
1001100000010101100000001101100001011000101001001100011000000000011000000100001100000100110010101000
0011000000101011000000011011000010110001010010011000110000000000110000001000011000001001100101010001
0110000001010110000000110110000101100010100100110001100000000001100000010000110000010011001010100010
1100000010101100000001101100001011000101001001100011000000000011000000100001100000100110010101000100
1000000101011000000011011000010110001010010011000110000000000110000001000011000001001100101010001001
0000001010110000000110110000101100010100100110001100000000001100000010000110000010011001010100010011
0000010101100000001101100001011000101001001100011000000000011000000100001100000100110010101000100110
0000101011000000011011000010110001010010011000110000000000110000001000011000001001100101010001001100
0001010110000000110110000101100010100100110001100000000001100000010000110000010011001010100010011000
0010101100000001101100001011000101001001100011000000000011000000100001100000100110010101000100110000
0101011000000011011000010110001010010011000110000000000110000001000011000001001100101010001001100000
1010110000000110110000101100010100100110001100000000001100000010000110000010011001010100010011000000
0101100000001101100001011000101001001100011000000000011000000100001100000100110010101000100110000001
1011000000011011000010110001010010011000110000000000110000001000011000001001100101010001001100000010
0110000000110110000101100010100100110001100000000001100000010000110000010011001010100010011000000101
1100000001101100001011000101001001100011000000000011000000100001100000100110010101000100110000001010
1000000011011000010110001010010011000110000000000110000001000011000001001100101010001001100000010101
0000000110110000101100010100100110001100000000001100000010000110000010011001010100010011000000101011
0000001101100001011000101001001100011000000000011000000100001100000100110010101000100110000001010110
0000011011000010110001010010011000110000000000110000001000011000001001100101010001001100000010101100
0000110110000101100010100100110001100000000001100000010000110000010011001010100010011000000101011000
0001101100001011000101001001100011000000000011000000100001100000100110010101000100110000001010110000
0011011000010110001010010011000110000000000110000001000011000001001100101010001001100000010101100000
0110110000101100010100100110001100000000001100000010000110000010011001010100010011000000101011000000
1101100001011000101001001100011000000000011000000100001100000100110010101000100110000001010110000000
1011000010110001010010011000110000000000110000001000011000001001100101010001001100000010101100000001
0110000101100010100100110001100000000001100000010000110000010011001010100010011000000101011000000011
1100001011000101001001100011000000000011000000100001100000100110010101000100110000001010110000000110
1000010110001010010011000110000000000110000001000011000001001100101010001001100000010101100000001101
0000101100010100100110001100000000001100000010000110000010011001010100010011000000101011000000011011
0001011000101001001100011000000000011000000100001100000100110010101000100110000001010110000000110110
0010110001010010011000110000000000110000001000011000001001100101010001001100000010101100000001101100
0101100010100100110001100000000001100000010000110000010011001010100010011000000101011000000011011000
1011000101001001100011000000000011000000100001100000100110010101000100110000001010110000000110110000
0110001010010011000110000000000110000001000011000001001100101010001001100000010101100000001101100001
1100010100100110001100000000001100000010000110000010011001010100010011000000101011000000011011000010
1000101001001100011000000000011000000100001100000100110010101000100110000001010110000000110110000101
0001010010011000110000000000110000001000011000001001100101010001001100000010101100000001101100001011
0010100100110001100000000001100000010000110000010011001010100010011000000101011000000011011000010110
0101001001100011000000000011000000100001100000100110010101000100110000001010110000000110110000101100
1010010011000110000000000110000001000011000001001100101010001001100000010101100000001101100001011000
0100100110001100000000001100000010000110000010011001010100010011000000101011000000011011000010110001
1001001100011000000000011000000100001100000100110010101000100110000001010110000000110110000101100010
0010011000110000000000110000001000011000001001100101010001001100000010101100000001101100001011000101
0100110001100000000001100000010000110000010011001010100010011000000101011000000011011000010110001010
1001100011000000000011000000100001100000100110010101000100110000001010110000000110110000101100010100
0011000110000000000110000001000011000001001100101010001001100000010101100000001101100001011000101001
0110001100000000001100000010000110000010011001010100010011000000101011000000011011000010110001010010
1100011000000000011000000100001100000100110010101000100110000001010110000000110110000101100010100100
1000110000000000110000001000011000001001100101010001001100000010101100000001101100001011000101001001
0001100000000001100000010000110000010011001010100010011000000101011000000011011000010110001010010011
0011000000000011000000100001100000100110010101000100110000001010110000000110110000101100010100100110
0110000000000110000001000011000001001100101010001001100000010101100000001101100001011000101001001100
1100000000001100000010000110000010011001010100010011000000101011000000011011000010110001010010011000
1000000000011000000100001100000100110010101000100110000001010110000000110110000101100010100100110001
0000000000110000001000011000001001100101010001001100000010101100000001101100001011000101001001100011
0000000001100000010000110000010011001010100010011000000101011000000011011000010110001010010011000110
0000000011000000100001100000100110010101000100110000001010110000000110110000101100010100100110001100
0000000110000001000011000001001100101010001001100000010101100000001101100001011000101001001100011000
0000001100000010000110000010011001010100010011000000101011000000011011000010110001010010011000110000
0000011000000100001100000100110010101000100110000001010110000000110110000101100010100100110001100000
0000110000001000011000001001100101010001001100000010101100000001101100001011000101001001100011000000
0001100000010000110000010011001010100010011000000101011000000011011000010110001010010011000110000000
0011000000100001100000100110010101000100110000001010110000000110110000101100010100100110001100000000
0110000001000011000001001100101010001001100000010101100000001101100001011000101001001100011000000000
1100000010000110000010011001010100010011000000101011000000011011000010110001010010011000110000000000
1000000100001100000100110010101000100110000001010110000000110110000101100010100100110001100000000001
0000001000011000001001100101010001001100000010101100000001101100001011000101001001100011000000000011
0000010000110000010011001010100010011000000101011000000011011000010110001010010011000110000000000110
0000100001100000100110010101000100110000001010110000000110110000101100010100100110001100000000001100
0001000011000001001100101010001001100000010101100000001101100001011000101001001100011000000000011000
