1110110000111111111101111111111101100000011111101110011100011111010001111011111001011001110000111110
1011110001100000000111000000000111100000110000111010110100110001110011001110001011111011010001100010
1110010011100000001101000000001100100001110001101111111101110011010111011010011110001111110011100110
1010110110100000011111000000011101100011010011111000000111010111111101111110110010011000010110101110
1111111111100000110001000000110111100111110110001000001101111100000111000011110110111000111111111010
1000000000100001110011000001111100101100011110011000011111000100001101000110011111101001100000001110
1000000001100011010111000011000101111100110010111000110001001100011111001110110000111011100000011010
1000000011100111111101000111001111000101110111101001110011011100110001011011110001101110100000111110
1000000110101100000111001101011001001111011100111011010111110101110011111110010011111011100001100010
1000001111111100001101011111111011011001110101101111111100011111010110000010110110001110100011100110
1000011000000100011111110000001111111011011111111000000100110001111110000111111110011011100110101110
1000111000001100110000010000011000001111110000001000001101110011000010001100000010111110101111111010
1001101000011101110000110000111000011000010000011000011111010111000110011100000111100011111000001110
1011111000110111010001110001101000111000110000111000110001111101001110110100001100100110001000011010
1110001001111101110011010011111001101001110001101001110011000111011011111100011101101110011000111110
1010011011000111010111110110001011111011010011111011010111001101111110000100110111111010111001100010
1110111111001101111100011110011110001111110110001111111101011111000010001101111100001111101011100110
1011100001011111000100110010110010011000011110011000000111110001000110011111000100011000111110101110
1110100011110001001101110111110110111000110010111000001100010011001110110001001100111001100011111010
1011100110010011011111011100011111101001110111101000011100110111011011110011011101101011100110001110
1110101110110111110001110100110000111011011100111000110101111101111110010111110111111110101110011010
1011111011111100010011011101110001101111110101101001111111000111000010111100011100000011111010111110
1110001110000100110111110111010011111000011111111011000001001101000111100100110100000110001111100010
1010011010001101111100011101110110001000110000001111000011011111001100101101111100001110011000100110
1110111110011111000100110111011110011001110000011001000111110001011101111111000100011010111001101110
1011100010110001001101111101110010111011010000111011001100010011110111000001001100111111101011111010
1110100111110011011111000111010111101111110001101111011100110110011101000011011101100000111110001110
1011101100010111110001001101111100111000010011111001110101111110110111000111110111100001100010011010
1110111100111100010011011111000101101000110110001011011111000011111101001100011100100011100110111110
1011100101100100110111110001001111111001111110011111110001000110000111011100110101100110101111100010
1110101111101101111100010011011000001011000010110000010011001110001101110101111111101111111000100110
1011111000111111000100110111111000011111000111110000110111011010011111011111000000111000001001101110
1110001001100001001101111100001000110001001100010001111101111110110001110001000001101000011011111010
1010011011100011011111000100011001110011011100110011000111000011110011010011000011111000111110001110
1110111110100111110001001100111011010111110101110111001101000110010111110111000110001001100010011010
1011100011101100010011011101101111111100011111011101011111001110111100011101001110011011100110111110
1110100110111100110111110111111000000100110001110111110001011011100100110111011010111110101111100010
1011101111100101111100011100001000001101110011011100010011111110101101111101111111100011111000100110
1110111000101111000100110100011000011111010111110100110110000011111111000111000000100110001001101110
1011101001111001001101111100111000110001111100011101111110000110000001001101000001101110011011111010
1110111011001011011111000101101001110011000100110111000010001110000011011111000011111010111110001110
1011101111011111110001001111111011010111001101111101000110011010000111110001000110001111100010011010
1110111001110000010011011000001111111101011111000111001110111110001100010011001110011000100110111110
1011101011010000110111111000011000000111110001001101011011100010011100110111011010111001101111100010
1110111111110001111100001000111000001100010011011111111110100110110101111101111111101011111000100110
1011100000010011000100011001101000011100110111110000000011101111111111000111000000111110001001101110
1110100000110111001100111011111000110101111100010000000110111000000001001101000001100010011011111010
1011100001111101011101101110001001111111000100110000001111101000000011011111000011100110111110001110
1110100011000111110111111010011011000001001101110000011000111000000111110001000110101111100010011010
1011100111001100011100001110111111000011011111010000111001101000001100010011001111111000100110111110
1110101101011100110100011011100001000111110001110001101011111000011100110111011000001001101111100010
1011111111110101111100111110100011001100010011010011111110001000110101111101111000011011111000100110
1110000000011111000101100011100111011100110111110110000010011001111111000111001000111110001001101110
1010000000110001001111100110101101110101111100011110000110111011000001001101011001100010011011111010
1110000001110011011000101111111111011111000100110010001111101111000011011111111011100110111110001110
1010000011010111111001111000000001110001001101110110011000111001000111110000001110101111100010011010
1110000111111100001011001000000011010011011111011110111001101011001100010000011011111000100110111110
1010001100000100011111011000000111110111110001110011101011111111011100110000111110001001101111100010
1110011100001100110001111000001100011100010011010110111110000001110101110001100010011011111000100110
1010110100011101110011001000011100110100110111111111100010000011011111010011100110111110001001101110
1111111100110111010111011000110101111101111100000000100110000111110001110110101111100010011011111010
1000000101111101111101111001111111000111000100000001101110001100010011011111111000100110111110001110
1000001111000111000111001011000001001101001100000011111010011100110111110000001001101111100010011010
1000011001001101001101011111000011011111011100000110001110110101111100010000011011111000100110111110
1000111011011111011111110001000111110001110100001110011011111111000100110000111110001001101111100010
1001101111110001110000010011001100010011011100011010111110000001001101110001100010011011111000100110
1011111000010011010000110111011100110111110100111111100010000011011111010011100110111110001001101110
1110001000110111110001111101110101111100011101100000100110000111110001110110101111100010011011111010
1010011001111100010011000111011111000100110111100001101110001100010011011111111000100110111110001110
1110111011000100110111001101110001001101111100100011111010011100110111110000001001101111100010011010
1011101111001101111101011111010011011111000101100110001110110101111100010000011011111000100110111110
1110111001011111000111110001110111110001001111101110011011111111000100110000111110001001101111100010
1011101011110001001100010011011100010011011000111010111110000001001101110001100010011011111000100110
1110111110010011011100110111110100110111111001101111100010000011011111010011100110111110001001101110
1011100010110111110101111100011101111100001011111000100110000111110001110110101111100010011011111010
1110100111111100011111000100110111000100011110001001101110001100010011011111111000100110111110001110
1011101100000100110001001101111101001100110010011011111010011100110111110000001001101111100010011010
1110111100001101110011011111000111011101110110111110001110110101111100010000011011111000100110111110
1011100100011111010111110001001101110111011111100010011011111111000100110000111110001001101111100010
1110101100110001111100010011011111011101110000100110111110000001001101110001100010011011111000100110
1011111101110011000100110111110001110111010001101111100010000011011111010011100110111110001001101110
1110000111010111001101111100010011011101110011111000100110000111110001110110101111100010011011111010
1010001101111101011111000100110111110111010110001001101110001100010011011111111000100110111110001110
1110011111000111110001001101111100011101111110011011111010011100110111110000001001101111100010011010
1010110001001100010011011111000100110111000010111110001110110101111100010000011011111000100110111110
1111110011011100110111110001001101111101000111100010011011111111000100110000111110001001101111100010
1000010111110101111100010011011111000111001100100110111110000001001101110001100010011011111000100110
1000111100011111000100110111110001001101011101101111100010000011011111010011100110111110001001101110
1001100100110001001101111100010011011111110111111000100110000111110001110110101111100010011011111010
1011101101110011011111000100110111110000011100001001101110001100010011011111111000100110111110001110
1110111111010111110001001101111100010000110100011011111010011100110111110000001001101111100010011010
1011100001111100010011011111000100110001111100111110001110110101111100010000011011111000100110111110
1110100011000100110111110001001101110011000101100010011011111111000100110000111110001001101111100010
1011100111001101111100010011011111010111001111100110111110000001001101110001100010011011111000100110
1110101101011111000100110111110001111101011000101111100010000011011111010011100110111110001001101110
1011111111110001001101111100010011000111111001111000100110000111110001110110101111100010011011111010
1110000000010011011111000100110111001100001011001001101110001100010011011111111000100110111110001110
1010000000110111110001001101111101011100011111011011111010011100110111110000001001101111100010011010
1110000001111100010011011111000111110100110001111110001110110101111100010000011011111000100110111110
1010000011000100110111110001001100011101110011000010011011111111000100110000111110001001101111100010
