0010001011110001110100111011111001101111011011111100010000000011011111110011000110110100110101011101
0101010010011011010011101010001111101001011010000110101000000111010000011111101110110011110000010100
1000001101111011001110100001011000100110011001001110000100001101001000110000101010111110011000100010
0100011101001011111010010010011101011111111110111011001010011100110101111001000000100011111101010101
1010110100110010001001101101110100010000000010101011110001110111110001001110100001010110000100000000
0000110011111101010111101101010010101000000100000010011011010100011010111010010010000111001010000000
0001111110000100000100101100001100000100001010000101111011000010111000101001101101001101110001000000
0011000011001010001011001110011110001010010001001001001011100100101101000111101100111101011010100000
0111100111110001010011111011110011010001101010110110110010111011001100101100101111100100011000010000
1100111100011010001110001010011111001011100000110110111100101011111111001111001000111010111100101000
1111100110111001011011010001110001110010110001110110100111000010000001111001110101101000100111000100
1000111110101110011011001011011011011100111011010110011101100101000011001111010001100101011101101010
0101100010001011111011110011011011010111101011000111110101111000100111111001001011111000010101100001
1001110101010010001010011111011011000100100011101100010001001101011100001110110010001100100001110010
0111010000001101010001110001011011101011010110101110101010111100010110011010111101011111010011011101
1101001000011100001011011010011010100011000110001010000000100110100111111000100100010001001111010100
1100110100110110010011011001111000010111101111010001000001011110011100001101011010101010111001000010
1111110011110111101111011111001100100100101001001010100010010011110110011100011000000000101110100101
1000011110010100101001010001111111011011000110110000010101101110010111110110111100000001001010011000
0100110011100011000110001011000001011011101110111000100001101011100100010110100110000010110001111100
1011111110110111101111010011100010011010101010101101010011100010111010100110011111000100111011000110
0010000010110100101001001110110101111000000000001100001110110100101000011111110001101011101011101111
0101000100110011000110111010110001001100000000011110011010110011000100110000011011100010100010101001
1000101011111111101110101000111010111110000000110011111000111111101011111000111010110100010100000110
0101000010000000101010000101101000100011000001111110001101100000100010001101101000110010100010001111
1000100101000001000001001001100101010111100011000011011101110001010101011101100101111100010101011001
0101011000100010100010110111111000000100110111100111010101011010000000010101111001000110100000011110
1000011101010100010100110100001100001011110100111101000000011001000000100001001110101110010000110011
0100110100000010100011110010011110010010010011100100100000111110100001010010111010001011101001111111
1011110010000100010110011101110011101101101110111011010001100010010010001100101001010010100111000001
0010011101001010100111110101011110101101101010101011001011110101101101011111000110001100011101100010
0101110100110000011100010000010010001101100000000011110010010001101100010001101111011110110101110101
1001010011111000110110101000101101011101110000000110011101101011101110101011101001010010110001010000
0110001110001101110110000101001100010101011000001111110101100010101010000010100110001100111010001000
1111011011011101010111001000111110100000011100011000010001110100000001000100011111011111101001010100
1001011011010100000101110101100010010000110110111100101011010010000010101010110001010000100110000010
0110011011000010001001010001110101101001110110100111000011001101000100000000111010001001011111000101
1111111011100101010110001011010001100111010110011101100111111100101010000001101001010110010001101000
1000001010111000000111010011001011111101000111110101111100000111000001000011100110000111101011100100
0100010000101100001101001111110010000100101100010001000110001101100010100110111111001100100010111010
1010101001001110011100111000011101001011001110101010101111011101110100011110100001111111010100101001
0000000110111011110111101100110100110011111010000000001001010101010010110010010011000001000011000110
0000001110101010010100101111110011111110001001000000010110000000001100111101101111100010100111101111
0000011010000001100011001000011110000011010110100000100111000000011111100101101000110100011100101001
0000111001000011110111110100110011000111000110010001011101100000110000111001100101110010110111000110
0001101110100110010100010011111111101101101111101010010101110001111001101111111001011100110101101111
0011101010011111100010101110000000101101101000100001100001011011001111101000001110010111110001101001
0110100001110000110100001011000001001101100101010011110010011011111000100100011011100100011011100110
1110010011011001110010010011100010111101111000001110011101111010001101011010111010111010111010111111
1011101111011111011101101110110100100101001100011011110101001001011100011000101000101000101000100001
0010101001010001010101101010110011011000111110111010010000110110010110111101000101000101000101010010
0100000110001010000001100000111111011101100010101001101001110111100110100100101000101000101000001101
1010001111010001000011110001100001010101110100000111100111010100111110011011000101000101000100011100
0001011001001010100110011011110010000001010010001100111101000011100011111011101000101000101010110110
0010011110110000011111111010011101000010001101011111100100100110110110001010100101000101000000110111
0101110010111000110000001001110100100101011100010000111011011110110111010000011000101000100001110101
1001011100101101111000010111010011011000010110101001101011010010110101001000111101000101010011010000
0110010111001101001100100101001111011100100110000111100011001100110000110101100100101000001111001000
1111100101111100111111011000111001010111011111001100110111111111111001110001111011000100011001110100
1000111001000111100001011101101110000101010001111111110100000000001111011011001011101010111111010010
0101101110101100110010010101101011001000001011000000010010000000011001011011110010100000100001001101
1001101010001111111101100001100011110100010011100000101101000000111110011010011100010001010010111100
0111100001011000000101110011110110010010101110110001001100100001100011111001110110101010001100100110
1100110010011100001001011110010111101100001010111010111111010011110110001111010110000001011111011111
1111111101110110010110010011100100101110010000101000100001001110010111011001000111000010010001010001
1000000101010111100111101110111011001011101001000101010010111011100101011110101101100101101010001010
0100001000000100111100101010101011110010100110101000001100101010111000010010001101111001100001010001
1010010100001011100111000000000010011100011110000100011111000000101100101101011101001111110010001010
0001100010010010111101100000000101110110110011001010110001100001001111001100010100111000011101010001
0011110101101100100101110000001001010110111111110000111011110010111001111110100011101100110100001010
0110010001101111011001011000010110000110100000011001101010011100101111000010010110101111110010010001
1111101011101001011110011100100111001110010000111111100001110111001001100101100110001000011101101010
1000100010100110010011110111011101111011101001100000110011010101110111111001111111010100110101100001
0101010100011111101110010101010101001010100111110001111111000001010100001111000001000011110001110010
1000000010110000101011100000000000110000011100011011000001100010000010011001100010100110011011011101
0100000100111001000010110000000001111000110110111011100011110101000101111111110100011111111011010100
1010001011101110100100111000000011001101110110101010110110010000101001000000010010110000001011000010
0001010010101010011011101100000111111101010110000000110111101001000110100000101100111000010011100101
0010001100000001111010101110001100000100000111000001110100100110101110010001001111101100101110111000
0101011110000011001000001011011110001010001101100011010011011110001011101010111000101111001010101100
1000010011000111110100010011010011010001011101110111001111010011010010100000101101001001110000001110
0100101111101100010010101111001111001010010101010101111001001111001100010001001100110111011000011011
1011001000101110101100001001111001110001100000000001001110111001111110101010111111110101011100111011
0011110101001010001110010111001111011011110000000010111010101111000010000000100000010000010111101011
0110010000110001011011100101111001011010011000000100101000001001100101000001010000101000100100100011
1111101001111010011010111001001110011001111100001011000100010111111000100010001001000101011011010111
1000100111001001111000101110111011111111000110010011101010100100001101010101010110101000011011000101
0101011101110111001101001010101010000001101111101110100000011010011100000000000110000100111011101000
1000010101010101111100110000000001000011101000101010010000111001110110000000001111001011101010100100
0100100000000001000111111000000010100110100101000001101001101111010111000000011001110010100000011010
1011010000000010101100001100000100011110011000100011100111101001000101100000111111011100010000111001
0011001000000100001110011110001010110011111101010110111100100110101001110001100001010110101001101110
0111110100001010011011110011010000111110000100000110100111011110000111011011110010000110000111101011
1100010010010001111010011111001001100011001010001110011101010011001101011010011101001111001100100011
1110101101101011001001110001110111110111110001011011110100001111111100011001110100111001111111010111
1010001101100011110111011011010100010100011010011010010010011000000110111111010011101111000001000101
0001011101110110010101011011000010100010111001111001101101111100001110100001001110101001100010101000
0010010101010111100000011011100100010100101111001111101101000110011010010010111010000111110100000100
0101100000000100110000111010111010100011001001111000101100101111111001101100101001001100010010001010
1001110000001011111001101000101000010111110111001101001111001000001111101111000110111110101101010001
